$ANSIBLE_VAULT;1.1;AES256
37396366633134393061386433623266656666333765336238323063373435626635303532663066
6466616339383636633231393331643863376637373832330a356131356263383231346231353832
36643830613334646532343061363338396439656639343363323632313861363066636532653935
6561613334363332660a643465623831666136653230386130363335616533333263643263313063
30623762336238656336303333653339303234323035333966633161643531656135316131383533
32373161353533373761326132653233626565373430626362643632386335613136333932383564
64386238626134663864626331613164363564356166396331623439373562316135646630666637
32613765366561613631383335373431373562316261653366643239663033393765323533323963
66353166373435313461666266666563306439653330633338396261633638623463373035636233
34346131313437326538393837666466656463363161366337343936333965306561333830616664
35366437646265396433326365653735353863656462303062643332343964626662333266613039
39343239353837373336646430336664376237343462326330373663633638386662383062646439
61633530663262643231643965623530363839336436353138623031313539623132396330646138
62643835316534623936393736343036633339643934323962633135383365656230353162343065
37313733313936356532343434633634396631623037326531666335363139656330653435663161
37316339313765643638626430393938623261383637356563316163323839393134323431303162
65646165383861346638316665373938373238623130373633386237386536316332303631633831
31633537626532343437646430313738326462663865656137373437363939353336303034363530
31393130653730363834336538353832643662356362653266646262336536363564363261643237
30343733356432343662323234396264626466623164636236393239306366346438386266383036
36373863346264353834363065613230316461623037333734613334303130303966383430336430
36656463336331363637386663306663336330376332336264393833356163333564393836306161
66383566373437306165663563303437376636663137343564353166646239613864376163636335
31363433616332303134363132333762353462646233326162353636616339633233396639663836
61303866666231363132626634623166343662333530303161303564353337333734306461656265
65633037613364383433633061343435653466306234616561326639353633376630316636316266
64343162316266303962316539376562303230623733353732323138313735316235376639666639
33343461386432376633333336356235623731663862316338343539303461623234633636646635
64353137373439613264666565373134663439663465316230643339656636653430643639616434
32393839626535346463616430623963613636303531323432373533376361313834623230333461
61653734363939616430653838396661646332353030396262663135303133636136653431356462
35356632363135376466653333663035306238323634373464316464323363366233346139363132
64346334623436663633343631353165396165373032336332303266626362306138613137303866
32616436643466613464373066363062323731663537656363353363326439376431313435643364
30393963353130616364373232353863316630373435363935623737633131373333643661626263
30323137663230633630383562353266636164633137383930333464386435643236383565643466
65613031316564353039373862643266303433653363653665633630333838333832663138663939
62316433313336323134373864326664303363306235646563323438366562393530333566303436
65653663633062333561363266313866646636396639663865353765343866313864613065623461
36316139343437373139396665363936623437633039656436313037656161336365346336633132
65333930306232376163316437336335396364306139353830323935626239303230346361616532
39313633336563346235373233396463396139636331393439366132633439393035393464343766
37646630656364663661643631316133636331343363376434643634313561303731613466313464
65316534633439333162303736656532303339616632366264353035653839313737376466663162
63316131646265346363393633653938333631346165306265633330343134313932346466353061
30383739623461663333383139663933313839343463303138383032623136616566376164643833
31333037333734356235396330303165323132383931623035626166373866613330303739616431
35623061313834383636373535373934663465376238376238356532336133643365383766616432
64336365396330623830386637666636316465366266613639333733383866643035336135313663
38613063333135643034313835386530316237323630616432643763636232336434376233373231
39663639303166643438656237363131653830366236336435373338353162336365323130636538
66303361613266346339653736383764653366303435666337626331643766623461666432363864
35326365343165613837653464656334373165376433626336356132656162386433653866353762
61343434313337353763363162306637333463373765303238333638376538666538643364363332
31303432333039323832646464623964626237616139363835633739313630343061303533633636
30326536303035613262643065373464303031653338663537636366323866646665373032316632
30343632333961323132323064396332323233663233343661356535393861653638643930363234
61353231363737303436393238653666363932616331353032376237656531313434386238383065
33393934313532636335356262333730336438313534336564646232653730653762643231653739
30383437623836353434383831303832336362623739306235613464373936353632306638343736
64613139316330383564393534306531343932343163666363333766393364333337313638396430
64356664386336633763633962383635343932363136396664643237313766346536306635336666
62643633633832353634633931623765393634633939386532306335356531386439343131646237
66633635326437626431306462346433656634353037613131376661386539313332306335313833
62383261383165363333366633366234653362366430646131333966323734643339343462663637
37316339643037613763393638643661646437393362396666333865653937613330346565383432
66663032356163323762313932646261636334396439303065613337636538333630396631393266
62643365316463663539323633653639613635376539366434396436626466323930636265386630
38613330386334346266373664386634306134633039633961616637326631316230393730396337
37326630363539383531643162373164636439313035393438383134353361313763323563366233
66386337633232386537333166646362633938393330376661656534326161613563346136623532
36376533623831653533646136666666356537363838326532363163376566666665363631373930
63306164393632663331376162666461623466623063356661613230646262366262333561343765
31643465643132393634393939386662353661346466623461313639306236396439653935613531
36663064646161613238653138383437633662376563343433323565613065636662393735623036
35313365383936643535333236333238626435303932636433373063633935623566396431306235
35343662313063333066326431386639323530346135633839643262616134396462613934323032
37393136663565303962313834626133376637626135343531323561663763323634373061633133
36333339373838636538323862313064333365373437323239313566343731393630613531656134
36353831386535633162643232643762366437346535343834323331623266653436393766383639
39663562613464666462303734336230303230626536633630353634343266653536326566623739
31643165383561303835636466666365643863613261383263663766393834643232306465366539
39616632643964323531626138303035656239333964613338613536643765643533653866343862
39613039663033383932633339366436636535386534663631623332336532646331373831386262
31353663626437386233316432356664643266316361356639356633613335303537646434356533
37356138373236303164326531393830636331323536313065393538643564323038616362346130
66326339363338663863623239353565336431666363653735386333623336376563316339613839
36373664623735316330343330303261363033303630663335663565366466333163666531333231
37373163656639373436643538653661666638623030303030653263643766316330306536633137
38623864653362613666643035333036653931643438383461663839306531613830386139336330
31373633633334366262623734313366613932613234643562353439616230623338656565653361
61366635643332636630313337633438633532393463396263303364666164373134666665396161
65616662663566383063386338343365336636623632346564383131396235666234366439633339
66396539353164333366346264633766656235333566616132356564396661303438653563333736
61306432383961376462643938333931393262316464333763643434393362343138326239393366
30633163616330306539616233623166623263383334633436333330323361313130336532333030
39316166653632663961326161373033386138333430373630386535353561393531336365326534
38396164663435363134313536343365363465323037376131393237643265633731656332623934
61363137666538353565623165643364313563643336663739326339643336373732326237363130
63383930366233303836383133323839376430613137386261333464613063343131346461653036
39333366663965616534633663343639323762633037313639373163366161306265313736313661
36363363303765643732343833376565336631316430613635393132303135346562303630616438
33363739623463653463646330303239353965623036303731373364366535623036396465323165
64383363303138316232363634643166393961376133316464396335643333386266393636313764
64633766636662643635333162383635653236366236333431316638306133303462633736633066
39383031323937343832646437346365663338323833616435386330396132303034383761373432
32353166396433383332323034663538383964336336323638333261633465636234383735306466
63396334623965316534653165633631646265656633326462646533316432613638393339363564
32663838663034663836393439376466303533363932396432336464356330646630346435653963
37663262653234633166343337366532303532633966626464316131656366363463653964336631
65643933393664373737313133363061643437653232306338353363656361636232323037353437
37303133343962303337316532623931323838373863343365663236333433343666336636666334
38373861663631353438333336346236306161663234393638373933383038363166393665656363
36626136636232353332313439383262383931363163663433346536306661666438653164613066
37366234663865336135663731333864363364623065313263343865656433666633376532633137
31333835383337373031336134366266316232353364356463343639333533336561633431623562
63643238366138303362336531386135623262653832646136393433323563656639393636363862
34623534346261643231653332616636373236323066323331363964306636303037643666643832
31663662623366383366313735333036373064643763636534363437356137313539623937356263
39366536383665623138333137376636643661626636666331646231393739346233336566353165
32633635666461636363333166666630373166623236393465616662393937616466396233616165
61373139333331653963636564363934653364366262326564343231363563633130333262336533
37663063663864363661626235373964376563666532363264623138306163333230313363663365
61616365383332656466613934363463343132646462656231653237353033393161313032393839
65666364643962353864623336306135333561336336303039616365623365383761376539646137
38393832306331383934646466333234653630613537373739663764613035666562383062346334
39636566346565336637303137343736343037336634383563363065336563323236346462363131
37323435383034646330386634356439333563323233346531333730366337363566666635376635
65393934356631646565333536386465343431303361383132343763663237376533386533373665
31353165646636336633323035646339356531343538653535303438306239306662616537623864
36386261336332636365646562666234393433323865633135636265353633393364323730366663
64626539386533333932616639343435616632646133653639373364326131353733303030396231
65396366323933626334653261616464636335636432336136316637386239306530306665333635
30393862633962323736633030346263336464323334373830386131313538303835376234316337
31333565636537623637613831623262313562623033613633336635663530363761656639303630
34333130336438366538633462343638383466373735646232623362623861366138383362313265
64393234396639653163353861613331363938383039613930326333666337653438306137653839
65356235646638333866306333393834313766646635316637373461613532396162376363326431
38626466363863663464386236373833623862353566303663336263613133646263353365306165
34666337653330396135383535333731363537633631313233313139376538383832383932643430
66663838623634653236353932633135336134353063636362386634313631633965346535663365
64306231353533393836663365363062656339613263663561653238303436386539646635636262
64633836656432663435383639333561363864636136643030313763313638626532616130663361
62613763336531303432616232306361613135356133356338386235343438326237663763613862
32396337636366643139666665313066333137333830653462353833336361366635316164643736
36653964396562343733373631353134666439346534393238396532646166323337313263366236
36613964643764316337333236376336326134303930323933623866336335356665313431626264
33616334646239313134343434343138303937636237353633323032393162623164646564333562
64393464616339383233653863326431383335666237656134373736643362336164623038353436
31646138663338356166306538623130363463313431323832616532663539666464653437653731
62613739323837383461656462356534383931346633343132646331353733386131616635646331
65373739343666313362356664643362393564313261623362343433393639393664303736363438
31326437333735393137346430643236346265393534356465393539386262343339636535396330
32313864383162386531643933333964393866376462393637333363313131366139646163363330
66306164316439346232396136316661663433616364616664333766333463383337626561613935
36313662373662346362643133386663346666636662343235613539343230353638376632646565
61356335346235656464663630616662613934383035346130363539336532326465363561663037
32656165646562653130666662303835363366663239633032326466393566346366633639396235
62616261316332633933623731666231633562303838363733373130393936643432376662373339
37383866653339313062366337376461363639333038366634313963373438383337343064363935
33383365333535633434356634623433646266376565623331313865333338666364643838623566
63333362643361633837656162366432313566666665656333656234636630656163346531313734
64626239306463376262303338306332373539653538623831653166346131646634626536323936
36353862326430366238643461336333663031316134353933623166326261353261343033333166
35643762656161643432623930316363363865653932316331653135343336383865663564393736
34656234656335373362643463333032616530343865633234353266653535646239626531343961
34333837633761376137643366303965303331306133356236353736616230366265376537376539
66653464303435363739326130633762316332653335363137613236336633356563363537623465
38303637393561623666393964323935613066366263613665346663393566313331303039323835
3936343637646466313136633238356637656463393561616139
